0 48
1 49
2 50
3 51
4 52
5 53
6 54
7 55
8 56
9 57
10 65
11 66
12 67
13 68
14 69
15 70
16 71
17 72
18 73
19 74
20 75
21 76
22 77
23 78
24 79
25 80
26 81
27 82
28 83
29 84
30 85
31 86
32 87
33 88
34 89
35 90
36 97
37 98
38 99
39 100
40 101
41 102
42 103
43 104
44 105
45 106
46 107
47 108
48 109
49 110
50 111
51 112
52 113
53 114
54 115
55 116
56 117
57 118
58 119
59 120
60 121
61 122
62 33
63 34
64 35
65 36
66 37
67 38
68 39
69 40
70 41
71 42
72 43
73 44
74 45
75 46
76 47
77 58
78 59
79 60
80 61
81 62
82 63
83 64
84 91
85 92
86 93
87 94
88 95
89 96
90 123
91 124
92 125
93 126